db1db1
6104
5096
8771
5004
9808
2654
1566
5649
7250
4607
2512
1541
2672
6827
4758
7586
1131
8994
3730
6399
5631
4688
7479
8269
5975
3524
3104
5274
9022
3460
3035
2816
6755
3859
5318
9957
9737
9223
5736
6760
1017
4111
5960
628
3319
1448
3511
1698
8647
8741
26
7245
7616
7461
9808
9216
411
5815
697
6684
9592
30
3376
5877
8252
3156
6572
4939
8258
3417
3830
5420
2485
5433
4100
1289
9101
4725
7443
1229
6189
9393
1577
4124
7786
846
8456
8683
2629
9668
7765
6339
3382
3208
3823
8171
9878
7714
3005
3153
1417
892
7409
6097
351
6626
1662
6377
952
2453
342
6540
5416
6991
5811
7036
7649
7845
1197
6274
